3.0, 4.0, 4.1, 4.2, 4.4
3.1, 5.2, 5.0, 5.13, 5.4, 5.11, 5.12
3.2, 3.73, 6.13, 6.5, 6.0, 6.3, 6.2, 6.14, 6.15
3.19, 3.76
3.57, 3.72
3.41, 3.66, 3.70, 3.75
15.0, 15.4, 15.5
3.3, 7.1, 7.2, 7.8, 7.3, 7.5, 7.10
1.0
0.5, 0.6, 0.7, 3.21, 3.67, 3.74
3.4, 8.0, 8.10, 8.9, 8.7, 8.6, 8.4, 8.8, 8.11
1.59
3.22, 16.3, 16.4
3.23, 17.2, 17.3
3.5, 9.11, 9.12, 9.16, 9.1, 9.9, 9.14, 9.18, 9.3, 9.10, 9.13, 9.15
3.24, 18.2, 18.3
1.30, 1.31, 1.125
3.6, 10.20, 10.12, 10.16, 10.22
0.12, 0.13, 1.81, 1.82, 1.126
